3.7939999 0.787 -1.0369999
3.553 -0.17200001 -0.90399998
2.8 -0.083999999 -1.5420001
3.046 0.866 -1.627
3.6960001 0.91500002 -1.0420001
3.727 -0.068000004 -1.074
2.8870001 -0.090000004 -1.589
2.8499999 0.884 -1.558
3.4979999 0.977 -0.875
3.8759999 0.103 -1.132
3.1570001 -0.048999999 -1.706
2.757 0.85600001 -1.493
3.5569999 1.237 -0.958
3.9289999 0.37099999 -1.205
3.1300001 0.13699999 -1.698
2.6960001 1.0 -1.493
3.4360001 1.202 -0.85000002
4.0349998 0.50700003 -1.228
3.3729999 0.244 -1.83
2.723 0.90799999 -1.499
3.6849999 1.1569999 -0.98699999
3.825 0.18000001 -1.0700001
3.0869999 0.109 -1.676
2.881 1.0829999 -1.585
4.0580001 0.93599999 -1.2589999
4.1199999 -0.046 -1.322
3.244 -0.090000004 -1.827
3.191 0.90100002 -1.774
3.885 1.033 -1.113
4.2410002 0.133 -1.348
3.4389999 -0.012 -1.924
3.0699999 0.87800002 -1.6720001
3.3989999 0.97100002 -0.82200003
3.7709999 0.072999999 -1.049
2.9679999 -0.075000003 -1.637
2.6400001 0.82999998 -1.439
3.566 0.87300003 -0.97000003
3.6099999 -0.108 -1.0
2.773 -0.139 -1.526
2.7260001 0.85399997 -1.48
3.5179999 1.029 -0.93699998
3.7090001 0.064999998 -1.072
2.8829999 -0.037 -1.579
2.6830001 0.91399997 -1.476
3.566 1.0 -0.86199999
3.757 0.056000002 -1.1059999
2.9809999 0.028000001 -1.608
2.72 0.96899998 -1.41
3.3889999 1.187 -0.87599999
3.7590001 0.285 -1.002
3.0009999 0.044 -1.586
2.615 0.94999999 -1.448
3.3800001 1.266 -0.921
3.789 0.37 -0.972
3.0190001 0.050999999 -1.5140001
2.625 0.95200002 -1.465
3.5929999 1.056 -1.008
3.7780001 0.094999999 -1.022
2.964 -0.074000001 -1.557
2.779 0.89399999 -1.548
3.7360001 0.79299998 -0.99000001
3.665 -0.18000001 -1.066
2.7950001 -0.086999997 -1.559
2.882 0.88700002 -1.511
3.7179999 0.78899997 -1.059
3.622 -0.193 -1.02
2.78 -0.15000001 -1.515
2.888 0.852 -1.563
3.7550001 0.68000001 -0.99900001
3.651 -0.28099999 -1.118
2.793 -0.147 -1.5599999
2.8610001 0.81 -1.378
3.651 0.995 -1.0650001
3.7650001 0.014 -0.98000002
2.9319999 -0.134 -1.516
2.855 0.85799998 -1.52
3.3659999 1.346 -0.84299999
3.8570001 0.55699998 -1.152
3.1129999 0.28 -1.682
2.5880001 1.087 -1.387



